1 0.665293 -0.0203912
2 0.856194 -0.0262285
3 1.10501 -0.0338612
4 0.214314 -0.00602241
5 -1.45901 0.0444152
6 -0.759535 0.0223963
7 -1.22544 0.0373116
8 -0.776939 0.0233219
9 0.129175 -0.00363728
10 1.74765 -0.0533503
11 2.58157 -0.0786509
12 2.99236 -0.0908505
13 2.14596 -0.0644159
14 -0.266311 0.00954469
15 -1.07572 0.0323316
16 -1.47963 0.0441914
17 -2.19451 0.0661684
18 -2.56278 0.077126
19 -2.52542 0.0758521
20 -2.15966 0.0649165
21 -1.98844 0.0598078
22 -2.19799 0.0666949
23 -2.5106 0.0764273
24 -2.87571 0.0877206
