1 0.97257 0.199811 0
2 -2.99916 0 0.615719
3 -1.15629 0 0.223886
4 -0.945775 0 0.188313
5 -1.85257 0 0.37414
6 -1.66026 0 0.331283
7 -1.24565 0 0.247471
8 -1.52694 0 0.306513
9 -1.63605 0 0.327647
10 -1.41498 0 0.282113
11 -1.46222 0 0.292633
12 -1.54078 0 0.308471
13 -1.55231 0 0.310508
14 -1.45764 0 0.291149
15 -1.52744 0 0.305766
16 -1.49941 0 0.29977
17 -1.49108 0 0.298183
18 -1.5689 0 0.314091
19 -1.51429 1 0
20 -2.9999 0 0.605922
21 -1.99834 0 0.395661
22 -0.664816 0 0.127629
23 -1.50445 0 0.304248
24 -1.96594 0 0.395033
25 -1.3895 0 0.275593
26 -1.32616 0 0.264979
27 -1.65706 0 0.332735
28 -1.6001 0 0.319791
29 -1.40171 0 0.279548
30 -1.51153 0 0.302745
31 -1.71812 0 0.34445
32 -1.4589 1 0
33 -2.9998 0 0.606123
34 -1.97521 0 0.390944
35 -1.0061 0 0.197343
36 -1.48727 0 0.299379
37 -2.01814 0 0.405751
38 -1.21033 0 0.238834
39 -1.38505 0 0.27771
40 -1.75228 0 0.351926
41 -1.47505 0 0.293902
42 -1.43658 0 0.287162
43 -1.54761 0 1
44 -0.630774 0 0.122487
45 -0.232859 0 0.0449801
